DATE 	 ESTIMATED value 	 ACTUAL value
12/08/2011	0,770681749866416	0,77283
15/08/2011	0,759916226988449	0,77483
16/08/2011	0,764853666160227	0,77594
17/08/2011	0,769968301908208	0,77761
18/08/2011	0,767059052842136	0,78017
19/08/2011	0,772203085223234	0,78439
22/08/2011	0,771651493459788	0,78817
23/08/2011	0,771492110438608	0,79233
24/08/2011	0,774617160996571	0,79456
25/08/2011	0,776344721811493	0,79789
26/08/2011	0,784768017834372	0,79589
29/08/2011	0,786230965462754	0,795978165964895
30/08/2011	0,790381782365346	0,79811
31/08/2011	0,794506610565444	0,8
01/09/2011	0,795516482140119	0,80217
02/09/2011	0,79109028451923	0,80322
05/09/2011	0,794949559576164	0,80706
06/09/2011	0,794312799174675	0,81417
07/09/2011	0,798377802375395	0,81539
08/09/2011	0,799125160554735	0,81844
09/09/2011	0,804149767588637	0,82133
12/09/2011	0,807131777143004	0,828
13/09/2011	0,815220672490759	0,83083
14/09/2011	0,815194833951434	0,83411
15/09/2011	0,82123585420693	0,8355
16/09/2011	0,824060682202194	0,83494
19/09/2011	0,829582097554803	0,83578
20/09/2011	0,834404038810817	0,83744
21/09/2011	0,839154123734336	0,83856
22/09/2011	0,840931531358323	0,84494
23/09/2011	0,842860755307019	0,8475
26/09/2011	0,840488688128061	0,85011
27/09/2011	0,843753725856097	0,85156
28/09/2011	0,84644097629583	0,85489
29/09/2011	0,850949672265351	0,85967
30/09/2011	0,853357802929835	0,86489
03/10/2011	0,85999781831845	0,86883
04/10/2011	0,85765407640489	0,875
05/10/2011	0,857809331297072	0,8825
06/10/2011	0,868676149199227	0,8885
07/10/2011	0,872254154560989	0,89267
10/10/2011	0,87438886329148	0,896
11/10/2011	0,884370231905209	0,90133
12/10/2011	0,903600613932336	0,904
13/10/2011	0,906026262978462	0,90617
14/10/2011	0,906567442927322	0,9095
17/10/2011	0,916592142307547	0,91094
18/10/2011	0,926429185507185	0,91317
19/10/2011	0,924707768916067	0,91561
20/10/2011	0,924793159747933	0,91861
21/10/2011	0,92823367857789	0,92139
24/10/2011	0,932409243981234	0,92394
25/10/2011	0,930438397654087	0,92556
26/10/2011	0,92722975091898	0,92717
27/10/2011	0,937460185246543	0,93128
28/10/2011	0,939151358934221	0,93372
31/10/2011	0,944552090227963	0,93561
01/11/2011	0,943246552298016	0,93972
02/11/2011	0,938816235279287	0,94161
03/11/2011	0,953730907933121	0,94489
04/11/2011	0,95332671525629	0,94883
07/11/2011	0,953213026625146	0,95372
08/11/2011	0,962247439510117	0,95861
09/11/2011	0,959488394417069	0,9645
10/11/2011	0,962276456565906	0,97644
11/11/2011	0,972252665620878	0,98144
14/11/2011	0,976293541988839	0,98522
15/11/2011	0,982674180628688	0,99189
16/11/2011	0,989710757715203	0,997
17/11/2011	1,00005192667741	1,00756
18/11/2011	1,01729714639889	1,01811
21/11/2011	1,00542530155947	1,02589
22/11/2011	1,01611280516464	1,03422
23/11/2011	1,02274314431874	1,04144
24/11/2011	1,03421586614412	1,04656
25/11/2011	1,04821574863614	1,05156
28/11/2011	1,06545800681781	1,06044
29/11/2011	1,07303961703327	1,066
30/11/2011	1,07089727016981	1,07106
01/12/2011	1,08015184731266	1,06494
02/12/2011	1,0936356668834	1,06517
05/12/2011	1,10285723909261	1,074
06/12/2011	1,09944000196273	1,0789
07/12/2011	1,10251901695894	1,08115
08/12/2011	1,09912596035842	1,08215
09/12/2011	1,09973031686777	1,0849
12/12/2011	1,107901206811	1,0874
13/12/2011	1,11034629635305	1,0934
14/12/2011	1,12126202981546	1,09915
15/12/2011	1,10434789679367	1,10585
16/12/2011	1,12444775447528	1,11035
19/12/2011	1,11433443944195	1,11435
20/12/2011	1,12359995963684	1,11885
21/12/2011	1,13085610378818	1,1191
22/12/2011	1,14294292587276	1,12135
23/12/2011	1,14888140012816	1,1231
26/12/2011	1,14986064457954	1,13102208958372
27/12/2011	1,15288886546224	1,13569788582027
28/12/2011	1,14664436054683	1,1269
29/12/2011	1,15809954173375	1,12805
30/12/2011	1,157302205782	1,12805
02/01/2012	1,16432908395549	1,13165949258283
03/01/2012	1,1648961687026	1,13005
04/01/2012	1,15623858214034	1,13035
05/01/2012	1,15994127370371	1,13035
06/01/2012	1,16043540991228	1,13035
09/01/2012	1,16145336222442	1,12825
10/01/2012	1,15643953549374	1,12605
11/01/2012	1,15218915090531	1,12435
12/01/2012	1,1540043900627	1,11945
13/01/2012	1,15869752518203	1,11395
16/01/2012	1,15077713913151	1,11175
17/01/2012	1,14685890472396	1,11015
18/01/2012	1,14655464398741	1,11005
19/01/2012	1,13970791386135	1,11005
20/01/2012	1,13121368904568	1,10995
23/01/2012	1,13366906977803	1,10995
24/01/2012	1,12681719183162	1,10845
25/01/2012	1,12411501111424	1,10795
26/01/2012	1,12846272363496	1,1017
27/01/2012	1,12831073306224	1,0992
30/01/2012	1,12780311552261	1,09745
31/01/2012	1,12357597135926	1,0957
01/02/2012	1,12694733627532	1,0907
02/02/2012	1,11675330582548	1,0865
03/02/2012	1,11297569741915	1,084
06/02/2012	1,10692141598512	1,08275
07/02/2012	1,10874664189205	1,0802
08/02/2012	1,10225429784966	1,07625
09/02/2012	1,09949886759073	1,0725
10/02/2012	1,0959785715278	1,0698
13/02/2012	1,09241741121351	1,0678
14/02/2012	1,09161589360033	1,06755
15/02/2012	1,08526299560073	1,06555
16/02/2012	1,08077799058554	1,06605
17/02/2012	1,07887912317133	1,06605
20/02/2012	1,07787864112699	1,06605
21/02/2012	1,07569769985522	1,06605
22/02/2012	1,07560661440701	1,06605
23/02/2012	1,07666454474935	1,06605
24/02/2012	1,07590107021052	1,06605
27/02/2012	1,07615737135899	1,06615
28/02/2012	1,07583472101174	1,06305
29/02/2012	1,07421862351916	1,0598
01/03/2012	1,07322556702737	1,05915
02/03/2012	1,07404920106681	1,0552
05/03/2012	1,07297687125763	1,0544
06/03/2012	1,07183229430603	1,0544
07/03/2012	1,06828942258642	1,0554
08/03/2012	1,06699877947722	1,0554
09/03/2012	1,06235944954097	1,0554
12/03/2012	1,06107095137963	1,0564
13/03/2012	1,06297340236335	1,0566
14/03/2012	1,06450902901541	1,0567
15/03/2012	1,06324044049325	1,0537
16/03/2012	1,06188671035114	1,0531
19/03/2012	1,06403185375495	1,0531
20/03/2012	1,0636417388208	1,0531
21/03/2012	1,06457963899725	1,0531
22/03/2012	1,06062034349844	1,0531
23/03/2012	1,05974137267227	1,0521
26/03/2012	1,05996473888797	1,0515
27/03/2012	1,05984866970805	1,05
28/03/2012	1,0597986967557	1,048
29/03/2012	1,05944519397595	1,0475
30/03/2012	1,05836072903814	1,0485
02/04/2012	1,05800718913905	1,0497
03/04/2012	1,05598678580531	1,0497
04/04/2012	1,05432217403025	1,0497
05/04/2012	1,05400484799189	1,0507
06/04/2012	1,05493100668095	1,04912439674674
09/04/2012	1,05587788622457	1,05068375940713
10/04/2012	1,05591243027526	1,0507
11/04/2012	1,05508987780644	1,0507
12/04/2012	1,05611160820553	1,0492
13/04/2012	1,05521884612064	1,0487
16/04/2012	1,05662202629447	1,0502
17/04/2012	1,0567009353366	1,0482
18/04/2012	1,05650543971027	1,0472
19/04/2012	1,05477566210168	1,0472
20/04/2012	1,05446761161479	1,0477
23/04/2012	1,05555999846154	1,0477
24/04/2012	1,05407287462357	1,0477
25/04/2012	1,0529260460357	1,0472
26/04/2012	1,05308762029324	1,0472
27/04/2012	1,05253165028068	1,0472
30/04/2012	1,05299216561315	1,0472
01/05/2012	1,05336459583309	1,0472
02/05/2012	1,05279854715376	1,0472
03/05/2012	1,0527697751344	1,0492
04/05/2012	1,05211385963342	1,0492
07/05/2012	1,05240904508947	1,04594157654661
08/05/2012	1,05187612291166	1,0492
09/05/2012	1,05255219136352	1,0527
10/05/2012	1,05447254288937	1,0547
11/05/2012	1,05392253434743	1,0557
14/05/2012	1,05114023728768	1,05895
15/05/2012	1,05427817292114	1,06145
16/05/2012	1,05817800699048	1,06795
17/05/2012	1,05968155493079	1,06795
18/05/2012	1,06048693577458	1,06895
21/05/2012	1,06398292132749	1,0692
22/05/2012	1,06626928260405	1,0692
23/05/2012	1,07340282053412	1,0692
24/05/2012	1,07248254144186	1,0692
25/05/2012	1,07385471690208	1,0692
28/05/2012	1,07407497698502	1,0692
29/05/2012	1,07425211922859	1,0692
30/05/2012	1,07398673827985	1,0692
31/05/2012	1,07402074858639	1,0692
01/06/2012	1,07359361198228	1,0707
04/06/2012	1,07412320550752	1,07208721882187
05/06/2012	1,07383488213823	1,06884585811147
06/06/2012	1,07410171987067	1,0707
07/06/2012	1,07359595840626	1,0697
08/06/2012	1,07504946845916	1,0702
11/06/2012	1,07670799431856	1,0702
12/06/2012	1,07343109359227	1,0707
13/06/2012	1,07486499272748	1,0707
14/06/2012	1,07397291923823	1,0712
15/06/2012	1,07430937941556	1,0695
18/06/2012	1,0741432175677	1,0695
19/06/2012	1,07487439928339	1,0695
20/06/2012	1,07486910505741	1,0685
21/06/2012	1,07515565837665	1,0685
22/06/2012	1,07338668775745	1,0685
25/06/2012	1,07337183889722	1,066
26/06/2012	1,07315452127539	1,067
27/06/2012	1,07225670764576	1,0675
28/06/2012	1,07265181151358	1,068
29/06/2012	1,07217783167654	1,068
02/07/2012	1,06990224150582	1,0695
03/07/2012	1,07067655150257	1,0695
04/07/2012	1,07096878034434	1,0695
05/07/2012	1,07157051470236	1,0695
06/07/2012	1,07154347252364	1,0695
09/07/2012	1,07279035448099	1,0695
10/07/2012	1,07278340521257	1,0695
11/07/2012	1,0727808280632	1,0695
12/07/2012	1,07295574269587	1,0685
13/07/2012	1,07284965123869	1,067
16/07/2012	1,07277581432521	1,066
17/07/2012	1,07249649962388	1,066
18/07/2012	1,07290647621652	1,066
19/07/2012	1,07172228524187	1,0645
20/07/2012	1,07022509308057	1,064
23/07/2012	1,06939537798604	1,063
24/07/2012	1,06904586856596	1,0615
25/07/2012	1,06919427890105	1,0615
26/07/2012	1,06760694911209	1,0605
27/07/2012	1,06713363168322	1,0605
30/07/2012	1,06608989871845	1,0585
31/07/2012	1,06479854391993	1,0535
01/08/2012	1,06460058337359	1,047
02/08/2012	1,06362054892648	1,0482
03/08/2012	1,06364064373972	1,0462
06/08/2012	1,06171353006125	1,0472
07/08/2012	1,05676359305327	1,0472
08/08/2012	1,05066107947895	1,0465
09/08/2012	1,05163199243183	1,0465
10/08/2012	1,04981868584764	1,0465
13/08/2012	1,05081200642841	1,046
14/08/2012	1,05047056498969	1,046
15/08/2012	1,05011326071169	1,045
16/08/2012	1,04988387569137	1,044
17/08/2012	1,0499588929847	1,044
20/08/2012	1,04941860567935	1,044
21/08/2012	1,04958560117872	1,042
22/08/2012	1,04856205954638	1,041
23/08/2012	1,04755529762475	1,04
24/08/2012	1,0478700023964	1,0365
27/08/2012	1,04794467385207	1,03605513061631
28/08/2012	1,04608345327245	1,035
29/08/2012	1,04482713638912	1,034
30/08/2012	1,04396531918374	1,033
31/08/2012	1,04062282855957	1,032
03/09/2012	1,04007746514263	1,0295
04/09/2012	1,03907823404541	1,027
05/09/2012	1,03831490286257	1,0265
06/09/2012	1,03755857669289	1,0245
07/09/2012	1,03662570375262	1,024
10/09/2012	1,03437819279248	1,0175
11/09/2012	1,0320275028119	1,0145
12/09/2012	1,03180693893612	1,008
13/09/2012	1,02993573879647	1,004
14/09/2012	1,0294667796623	0,997
17/09/2012	1,02378146936092	0,992
18/09/2012	1,0211110838258	0,9895
19/09/2012	1,01523846216941	0,9875
20/09/2012	1,0113860371652	0,98525
21/09/2012	1,00486944595535	0,9845
24/09/2012	1,00025270165438	0,98225
25/09/2012	0,997415868364884	0,97825
26/09/2012	0,995291071759735	0,975
27/09/2012	0,992906234392117	0,97575
28/09/2012	0,992020464939833	0,973
01/10/2012	0,989729404315811	0,96675
02/10/2012	0,985719068316359	0,9615
03/10/2012	0,982608248424754	0,959
04/10/2012	0,983106665469895	0,9565
05/10/2012	0,980201613063406	0,9545
08/10/2012	0,97382136499757	0,9535
09/10/2012	0,968216767643705	0,952
10/10/2012	0,965687793100424	0,9445
11/10/2012	0,962419195181101	0,9415
12/10/2012	0,960131204007802	0,936
15/10/2012	0,958878350482186	0,929
16/10/2012	0,957121685314618	0,918
17/10/2012	0,948366021190827	0,9055
18/10/2012	0,944197079467911	0,901
19/10/2012	0,937577341537519	0,8965
22/10/2012	0,928555861099226	0,8905
23/10/2012	0,914572452993785	0,888
24/10/2012	0,897989474467782	0,8815
25/10/2012	0,891196251290039	0,8805
26/10/2012	0,884510936196124	0,8805
29/10/2012	0,875763141003709	0,8775
30/10/2012	0,871575008717861	0,8775
31/10/2012	0,861227337859202	0,8755
01/11/2012	0,859805292236824	0,8755
02/11/2012	0,860334128027452	0,875
05/11/2012	0,856160161842395	0,87375
06/11/2012	0,856918767328348	0,8715
07/11/2012	0,853780031055048	0,866
08/11/2012	0,854560495640466	0,862
09/11/2012	0,854479878139756	0,862
12/11/2012	0,853498991698064	0,862
13/11/2012	0,8509468079198	0,8615
14/11/2012	0,844429408512873	0,8605
15/11/2012	0,839932310119342	0,8595
16/11/2012	0,84077953731783	0,86
19/11/2012	0,842004347878774	0,86
20/11/2012	0,842025690229649	0,86
21/11/2012	0,841660598731271	0,861
22/11/2012	0,840825744028079	0,86
23/11/2012	0,842201461745593	0,859
26/11/2012	0,843342394503729	0,86
27/11/2012	0,843934896049563	0,86
28/11/2012	0,845603085276435	0,86
29/11/2012	0,8448164411126	0,861
30/11/2012	0,844270159342727	0,86
03/12/2012	0,846023038160856	0,86
04/12/2012	0,846534434133107	0,859
05/12/2012	0,847227640627628	0,859
06/12/2012	0,848826361673239	0,855
07/12/2012	0,847821097973337	0,853
10/12/2012	0,848407986816389	0,853
11/12/2012	0,847574727897826	0,852
12/12/2012	0,848237722627624	0,8495
13/12/2012	0,843705041379465	0,846
14/12/2012	0,841884927283523	0,844
17/12/2012	0,84283860718969	0,8425
18/12/2012	0,841249309045919	0,8425
19/12/2012	0,838970036001562	0,843
20/12/2012	0,835009698543488	0,843
21/12/2012	0,833293846521002	0,843
24/12/2012	0,831639766385239	0,843
25/12/2012	0,832039479624038	0,851751764726266
26/12/2012	0,832864439144238	0,854315827687504
27/12/2012	0,83309226299297	0,8435
28/12/2012	0,833217739907162	0,8435
31/12/2012	0,833492370223869	0,8435
01/01/2013	0,843504351796609	0,846481234086341
02/01/2013	0,846282680059681	0,8425
03/01/2013	0,834230681181414	0,8395
04/01/2013	0,834647787699848	0,8385
07/01/2013	0,834592095150941	0,8345
08/01/2013	0,838250391087219	0,8345
09/01/2013	0,833999359744506	0,834
10/01/2013	0,830577404797943	0,823
11/01/2013	0,829756490829572	0,821
14/01/2013	0,825801011853823	0,819
15/01/2013	0,825584984495358	0,814
16/01/2013	0,825379134811471	0,8095
17/01/2013	0,813029934589652	0,81
18/01/2013	0,810753708357412	0,809
21/01/2013	0,808579493969612	0,809
22/01/2013	0,803159510059359	0,809
23/01/2013	0,798265786566658	0,8075
24/01/2013	0,798828678881205	0,7985
25/01/2013	0,798142006702962	0,7965
28/01/2013	0,798442154111694	0,7975
29/01/2013	0,79838351435304	0,7955
30/01/2013	0,797077631922197	0,7905
31/01/2013	0,78689226626317	0,781
01/02/2013	0,784782500999242	0,777
04/02/2013	0,786362816968433	0,773
05/02/2013	0,784259452853676	0,7705
06/02/2013	0,778743824370904	0,7695
07/02/2013	0,768006896995158	0,7675
08/02/2013	0,763669066254554	0,766
11/02/2013	0,759529220771602	0,765
12/02/2013	0,756941761594957	0,764
13/02/2013	0,756227998131583	0,762
14/02/2013	0,754279576413451	0,7625
15/02/2013	0,75239950558354	0,76
18/02/2013	0,751847790558579	0,76
19/02/2013	0,750756913509994	0,7595
20/02/2013	0,748972045944753	0,7585
21/02/2013	0,749802114594127	0,756
22/02/2013	0,747001279205669	0,7555
25/02/2013	0,747593670515467	0,7545
26/02/2013	0,747263357846892	0,7525
27/02/2013	0,746275737139934	0,7525
28/02/2013	0,743978434708359	0,7515
01/03/2013	0,74363215161982	0,7495
04/03/2013	0,742596685264327	0,745
05/03/2013	0,740774846315402	0,743
06/03/2013	0,740938002634375	0,7385
07/03/2013	0,739992134683999	0,7365
08/03/2013	0,738099943736588	0,7335
11/03/2013	0,733168046719202	0,733
12/03/2013	0,731063649999363	0,7305
13/03/2013	0,726538580281666	0,73
14/03/2013	0,724396805794706	0,729
15/03/2013	0,721182379936774	0,731
18/03/2013	0,720899774270155	0,7315
19/03/2013	0,718505525091102	0,735
20/03/2013	0,717892960951953	0,737
21/03/2013	0,717171585582839	0,7355
22/03/2013	0,719639493495954	0,7375
25/03/2013	0,720187258952388	0,731
26/03/2013	0,724476327814414	0,7325
27/03/2013	0,726924376574611	0,7315
28/03/2013	0,725562363729535	0,7315
29/03/2013	0,727845802841131	0,726396015153423
01/04/2013	0,720937084909711	0,725320872922554
02/04/2013	0,722833278851726	0,728
03/04/2013	0,721856195493717	0,725
04/04/2013	0,721793290088269	0,723
05/04/2013	0,71660210093233	0,721
08/04/2013	0,71539083475734	0,721
09/04/2013	0,718742464323582	0,721
10/04/2013	0,715500430918199	0,721
11/04/2013	0,713511746744165	0,72
12/04/2013	0,711553325816091	0,719
15/04/2013	0,711723438864235	0,719
16/04/2013	0,712100456274084	0,7175
17/04/2013	0,711834825437768	0,715
18/04/2013	0,71091740674496	0,715
19/04/2013	0,710122795623454	0,715
22/04/2013	0,710384218935663	0,7155
23/04/2013	0,708793244637119	0,711
24/04/2013	0,706135892219946	0,712
25/04/2013	0,706380817171631	0,711
26/04/2013	0,706472727681582	0,7105
29/04/2013	0,70715958935913	0,7085
30/04/2013	0,702495374902513	0,7045
01/05/2013	0,703594192043721	0,704
02/05/2013	0,702767290248787	0,7031
03/05/2013	0,702459364228733	0,7021
06/05/2013	0,700468425758533	0,701837784749093
07/05/2013	0,696460346767648	0,7031
08/05/2013	0,695796390544468	0,7031
09/05/2013	0,694981926640773	0,7021
10/05/2013	0,694220256894061	0,7011
13/05/2013	0,694123663706665	0,7011
14/05/2013	0,695640320575984	0,6951
15/05/2013	0,695826868718473	0,68989
16/05/2013	0,694729319973285	0,68989
17/05/2013	0,693683438893131	0,68839
20/05/2013	0,693842438820446	0,68739
21/05/2013	0,687644409945117	0,68589
22/05/2013	0,682227510436567	0,68589
23/05/2013	0,68264475194505	0,68589
24/05/2013	0,680914892319754	0,68589
27/05/2013	0,679808264007886	0,684823836716458
28/05/2013	0,678463909310898	0,684
29/05/2013	0,678632129838525	0,6907
30/05/2013	0,678734114054078	0,688
31/05/2013	0,678960298660937	0,6892
03/06/2013	0,677993671955004	0,6902
04/06/2013	0,677102908066649	0,6872
05/06/2013	0,684512837636354	0,6862
06/06/2013	0,681659392284527	0,6852
07/06/2013	0,68315322471203	0,6852
10/06/2013	0,684211677730493	0,6832
11/06/2013	0,68121021813087	0,6847
12/06/2013	0,680100356803389	0,6832
13/06/2013	0,679286404496411	0,6787
14/06/2013	0,679130834657831	0,6691
17/06/2013	0,677247429693615	0,6681
18/06/2013	0,678892283712907	0,6681
19/06/2013	0,677593543283311	0,6681
20/06/2013	0,672919112530504	0,68045
21/06/2013	0,663170313103583	0,68295
24/06/2013	0,662389228893124	0,70315
25/06/2013	0,662322754853241	0,70115
26/06/2013	0,662428320853554	0,69765
27/06/2013	0,675532446159644	0,69065
28/06/2013	0,678290736611316	0,68565
01/07/2013	0,699153747100043	0,69015
02/07/2013	0,697467316854901	0,68815
03/07/2013	0,693661191741104	0,69065
04/07/2013	0,686701411171039	0,69165
05/07/2013	0,681353845975386	0,68965
08/07/2013	0,686121346218292	0,69415
09/07/2013	0,684452774820137	0,69165
10/07/2013	0,686791731497452	0,69365
11/07/2013	0,688092012599311	0,68835
12/07/2013	0,686151823016088	0,68585
15/07/2013	0,690692457546437	0,68985
16/07/2013	0,68838580414449	0,68719
17/07/2013	0,690374903889646	0,68419
18/07/2013	0,684861068626131	0,68094
19/07/2013	0,682427576959435	0,68094
22/07/2013	0,686494016190105	0,68094
23/07/2013	0,683851571498641	0,67594
24/07/2013	0,681011607007577	0,67544
25/07/2013	0,677712368348912	0,67594
26/07/2013	0,677664451195517	0,67369
29/07/2013	0,677767501820425	0,67319
30/07/2013	0,672677394322354	0,67319
31/07/2013	0,672424469330398	0,67319
01/08/2013	0,673038616905986	0,67319
02/08/2013	0,6708402844057	0,67419
05/08/2013	0,670363013295299	0,66639
06/08/2013	0,670381125933277	0,66539
07/08/2013	0,670712100201211	0,66539
08/08/2013	0,670710423768527	0,66489
09/08/2013	0,672000378487967	0,66489
12/08/2013	0,663966996125826	0,6651
13/08/2013	0,663041717384801	0,6646
14/08/2013	0,662960861580939	0,6676
15/08/2013	0,662650665640116	0,6676
16/08/2013	0,662914396278671	0,6676
19/08/2013	0,663214135948246	0,66832
20/08/2013	0,662747081482119	0,6671
21/08/2013	0,665790969216073	0,6661
22/08/2013	0,665908634722097	0,6731
23/08/2013	0,666011968373554	0,6756
26/08/2013	0,666670257454586	0,68018851905404
27/08/2013	0,665447317771617	0,6681
28/08/2013	0,664405780976382	0,6676
29/08/2013	0,671776775532631	0,6671
30/08/2013	0,674000567002284	0,6671
02/09/2013	0,67865373923452	0,6681
03/09/2013	0,666753397376252	0,6691
04/09/2013	0,66623745453602	0,6681
05/09/2013	0,665587092432028	0,6751
06/09/2013	0,665764150119022	0,6751
09/09/2013	0,666743298633962	0,6656
10/09/2013	0,667748114207199	0,6656
11/09/2013	0,666755867318034	0,6651
12/09/2013	0,673873053781529	0,6636
13/09/2013	0,673944818373828	0,6636
16/09/2013	0,664460001776281	0,6561
17/09/2013	0,664356860154481	0,6516
18/09/2013	0,664043093404022	0,6501
19/09/2013	0,662525709632319	0,6386
20/09/2013	0,662692306974213	0,6386
23/09/2013	0,655132664078813	0,6376
24/09/2013	0,650554981559484	0,6351
25/09/2013	0,649110806695758	0,6331
26/09/2013	0,637562442486853	0,6311
27/09/2013	0,637664744966412	0,6261
30/09/2013	0,63679524575226	0,6294
01/10/2013	0,633755002520075	0,62665
02/10/2013	0,631730809951733	0,62315
03/10/2013	0,629819363944125	0,62265
04/10/2013	0,624193485676511	0,6186
07/10/2013	0,627511232630166	0,62085
08/10/2013	0,624146386848443	0,62335
09/10/2013	0,620441269432594	0,6311
10/10/2013	0,619839864464953	0,6271
11/10/2013	0,615381118270191	0,6276
14/10/2013	0,617767142687538	0,6316
15/10/2013	0,620261524757863	0,6291
16/10/2013	0,628346150513137	0,6296
17/10/2013	0,624568758701555	0,6201
18/10/2013	0,624917274246628	0,6141
21/10/2013	0,629001122957031	0,6131
22/10/2013	0,626542113587516	0,6126
23/10/2013	0,627122954644997	0,6086
24/10/2013	0,617335271273411	0,6066
25/10/2013	0,611002090008759	0,6057
28/10/2013	0,609920131858328	0,6056
29/10/2013	0,609441990741311	0,6051
30/10/2013	0,605139479979376	0,6036
31/10/2013	0,602964957876294	0,6026
01/11/2013	0,60211027277807	0,6016
04/11/2013	0,602014233548616	0,5971
05/11/2013	0,60164499322575	0,5961
06/11/2013	0,600344430649954	0,5975
07/11/2013	0,599233374888043	0,597
08/11/2013	0,598291576175076	0,59475
11/11/2013	0,5936107940624	0,595
12/11/2013	0,592721028214389	0,5905
13/11/2013	0,594442061999285	0,5916
14/11/2013	0,593881227094761	0,5881
15/11/2013	0,591500564481816	0,5841
18/11/2013	0,591770895630635	0,5851
19/11/2013	0,587422063219633	0,5846
20/11/2013	0,588675506501279	0,5841
21/11/2013	0,58532258046332	0,5756
22/11/2013	0,58055920554768	0,5741
25/11/2013	0,581723615548268	0,5736
26/11/2013	0,581468062023903	0,5756
27/11/2013	0,580557372755334	0,5781
28/11/2013	0,571820101387532	0,578
29/11/2013	0,570447643817739	0,578
02/12/2013	0,570195283874803	0,577
03/12/2013	0,572001286082936	0,5757
04/12/2013	0,574796269847432	0,5767
05/12/2013	0,574816528914469	0,5772
06/12/2013	0,574636173842838	0,5767
09/12/2013	0,57399901898289	0,5736
10/12/2013	0,572564122398293	0,5733
11/12/2013	0,573561519069955	0,5743
12/12/2013	0,574670723148382	0,5763
13/12/2013	0,573953765032174	0,5806
16/12/2013	0,571544690657872	0,5796
17/12/2013	0,570477717910946	0,5806
18/12/2013	0,571933944212376	0,5781
19/12/2013	0,573662945224541	0,5806
20/12/2013	0,578690858347601	0,5841
23/12/2013	0,578172503116127	0,5836
24/12/2013	0,579097283171117	0,5836
25/12/2013	0,576358677658216	0,582519102320993
26/12/2013	0,578777640146951	0,580627751036184
27/12/2013	0,582492958264538	0,5831
30/12/2013	0,582217418436212	0,5831
31/12/2013	0,582625360740727	0,5831
01/01/2014	0,580936762470596	0,588306472436368
02/01/2014	0,579445801464324	0,5826
03/01/2014	0,58178924454697	0,5846
06/01/2014	0,581380010723643	0,5854
07/01/2014	0,58131309341253	0,5866
08/01/2014	0,586485405440448	0,5856
09/01/2014	0,580996302999221	0,5846
10/01/2014	0,583452659098336	0,5826
13/01/2014	0,584169252624714	0,5736
14/01/2014	0,585255490191348	0,5681
15/01/2014	0,583897504858857	0,5716
16/01/2014	0,582716536050474	0,5716
17/01/2014	0,581362577764455	0,5721
20/01/2014	0,571282632171705	0,5721
21/01/2014	0,56603776601181	0,5726
22/01/2014	0,569204651240534	0,5711
23/01/2014	0,569135630703722	0,5725
24/01/2014	0,569818179945112	0,5721
27/01/2014	0,57014711808138	0,571
28/01/2014	0,57050324595381	0,571
29/01/2014	0,568876618045773	0,5704
30/01/2014	0,570307124338945	0,5694
31/01/2014	0,569935394170645	0,5654
03/02/2014	0,568652567510799	0,5629
04/02/2014	0,568639144437877	0,5617
05/02/2014	0,567710271753186	0,5594
06/02/2014	0,567376882288119	0,5579
07/02/2014	0,562777256167897	0,5584
10/02/2014	0,560488548422023	0,5509
11/02/2014	0,5592148885164	0,5533
12/02/2014	0,556834936024638	0,5538
13/02/2014	0,554955444636776	0,5523
14/02/2014	0,555549099895941	0,5508
17/02/2014	0,547546233311431	0,5523
18/02/2014	0,550459362250996	0,5533
19/02/2014	0,550799993249583	0,5533
20/02/2014	0,548909493331808	0,5538
21/02/2014	0,547475752405208	0,5553
24/02/2014	0,54951369833201	0,5533
25/02/2014	0,549959865147097	0,5533
26/02/2014	0,550171375383406	0,5505
27/02/2014	0,550786954288299	0,5523
28/02/2014	0,552156464509977	0,5533
03/03/2014	0,549547978192461	0,5538
04/03/2014	0,550161167545283	0,552
05/03/2014	0,547597010696617	0,5506
06/03/2014	0,549543280302869	0,552
07/03/2014	0,550532677747466	0,552
10/03/2014	0,551171241735441	0,5552
11/03/2014	0,549588712090745	0,5552
12/03/2014	0,547774946181303	0,5552
13/03/2014	0,549355115551215	0,557
14/03/2014	0,549374396450393	0,557
17/03/2014	0,552722507484437	0,5571
18/03/2014	0,552692444172861	0,5572
19/03/2014	0,553182123583475	0,5555
20/03/2014	0,555006412988261	0,56
21/03/2014	0,554963232099806	0,5641
24/03/2014	0,554771745380027	0,5641
25/03/2014	0,555411352324603	0,5616
26/03/2014	0,553291791483203	0,5621
27/03/2014	0,558478878851453	0,5616
28/03/2014	0,562414440116154	0,5586
31/03/2014	0,562380611389452	0,5581
01/04/2014	0,560296453382959	0,5536
02/04/2014	0,560527196947831	0,5551
03/04/2014	0,559955207701132	0,5551
04/04/2014	0,557151678706158	0,5556
07/04/2014	0,556571975834347	0,5521
08/04/2014	0,551778169714068	0,553
09/04/2014	0,553008724153642	0,553
10/04/2014	0,553439611835375	0,5485
11/04/2014	0,55385110753871	0,546
14/04/2014	0,550487168781919	0,5465
15/04/2014	0,551364187224839	0,5455
16/04/2014	0,551460223193795	0,5465
17/04/2014	0,546719738093067	0,5465
